1486778006555271169
1486777997709488134
1486777880088494081
1486777875814502400
1486777649305632768
1486777644482166784
1486777586697048074
1486777573380169729
1486777492102946817
1486777486209912838
1486777441553195017
1486777431210049545
1486777371021791239
1486777357130248195
1486777259675500551
1486777152095805443
1486777144638377989
1486777073955794950
1486777069455364097
1486776955790045184
1486776944683524096
1486776786788786179
1486776714634178568
1486776680769282052
1486776676038201350
1486776666416422912
1486776662624718867
1486776593481551875
1486776588901310468
1486776471305687042
1486776466733879296
1486776369396727813
1486776365286318092
1486776361121427465
1486775961358065670
1486775852134465536
1486775848355401728
1486775820928569348
1486775813014007820
1486775804960952321
1486775630654017539
1486775625876660227
1486775561263403009
1486775449145458693
1486775444779196420
1486775388332249089
1486775385530552325
1486775281679482882
1486775276973473792
1486775202210004992
